%YAML:1.0
calibration_time: "07/06/12 17:54:49"
image_width: 640
image_height: 480
board_width: 9
board_height: 6
square_size: 2.5000000372529030e-002
flags: 0
camera_matrix: !!opencv-matrix
   rows: 3
   cols: 3
   dt: d
   data: [ 6.6334915784553414e+002, 0., 3.1613303078698300e+002, 0.,
       6.6423945847449227e+002, 2.3698256501375710e+002, 0., 0., 1. ]
distortion_coefficients: !!opencv-matrix
   rows: 5
   cols: 1
   dt: d
   data: [ -3.5816385310125570e-001, 3.3672476619919793e+000,
       -1.3833263363284720e-002, -5.8405213536546815e-003,
       -1.1956017576629369e+001 ]
avg_reprojection_error: 9.8417067624602161e-001
image_points: !!opencv-matrix
   rows: 10
   cols: 54
   dt: "2f"
   data: [ 4.00113373e+002, 4.49713715e+002, 3.69856506e+002,
       4.50637482e+002, 3.39945007e+002, 4.52034729e+002,
       3.09942596e+002, 4.53379211e+002, 2.80309814e+002,
       4.54431824e+002, 2.50620209e+002, 4.55584229e+002,
       2.21042374e+002, 4.57113159e+002, 1.91538101e+002,
       4.58339539e+002, 1.62910477e+002, 4.59171906e+002,
       3.98018890e+002, 4.19339081e+002, 3.68134277e+002,
       4.20657379e+002, 3.38036591e+002, 4.22199097e+002,
       3.08155579e+002, 4.23543427e+002, 2.78170319e+002,
       4.25049591e+002, 2.48413010e+002, 4.26509460e+002,
       2.18584381e+002, 4.28146088e+002, 1.89385895e+002,
       4.29558533e+002, 1.60510635e+002, 4.30172943e+002,
       3.96457245e+002, 3.89909363e+002, 3.66284119e+002,
       3.91235748e+002, 3.36299408e+002, 3.92849213e+002,
       3.05916901e+002, 3.94493164e+002, 2.76115723e+002,
       3.96372101e+002, 2.46219879e+002, 3.97494873e+002,
       2.16456650e+002, 3.99261749e+002, 1.87139847e+002,
       3.99956757e+002, 1.58444763e+002, 4.00880066e+002,
       3.94550018e+002, 3.60774323e+002, 3.64443817e+002,
       3.62786377e+002, 3.33730408e+002, 3.64309875e+002,
       3.03663574e+002, 3.65550140e+002, 2.73542816e+002,
       3.66700439e+002, 2.44293304e+002, 3.67909546e+002,
       2.14730469e+002, 3.69292542e+002, 1.85694916e+002,
       3.70095825e+002, 1.56769699e+002, 3.71102509e+002,
       3.93128174e+002, 3.31613251e+002, 3.62396790e+002,
       3.32863831e+002, 3.32382019e+002, 3.33924072e+002,
       3.02100006e+002, 3.35301331e+002, 2.72519836e+002,
       3.36530487e+002, 2.43145370e+002, 3.37855499e+002,
       2.13682098e+002, 3.39048035e+002, 1.84514328e+002,
       3.40260590e+002, 1.55777237e+002, 3.41366974e+002,
       3.91550842e+002, 3.01469543e+002, 3.61534607e+002,
       3.02710907e+002, 3.31484894e+002, 3.04071564e+002,
       3.01676880e+002, 3.05303558e+002, 2.72163849e+002,
       3.06660034e+002, 2.42663452e+002, 3.08068756e+002,
       2.13432541e+002, 3.09464783e+002, 1.84488663e+002,
       3.10722565e+002, 1.55463272e+002, 3.11901978e+002,
       5.27146118e+002, 1.68655472e+002, 5.18434387e+002,
       1.89397720e+002, 5.10200012e+002, 2.10121536e+002,
       5.01704163e+002, 2.30631042e+002, 4.93993286e+002,
       2.51188721e+002, 4.86176605e+002, 2.71576172e+002,
       4.78613892e+002, 2.92214142e+002, 4.71233368e+002,
       3.12796661e+002, 4.63216797e+002, 3.32871246e+002,
       5.05783936e+002, 1.61076523e+002, 4.97509766e+002,
       1.81544205e+002, 4.89333038e+002, 2.02382919e+002,
       4.81422852e+002, 2.22984528e+002, 4.73583252e+002,
       2.43581741e+002, 4.66155090e+002, 2.64119446e+002,
       4.58559021e+002, 2.84800964e+002, 4.51321686e+002,
       3.05519135e+002, 4.43320953e+002, 3.25744995e+002,
       4.85272827e+002, 1.53181656e+002, 4.76998199e+002,
       1.74006897e+002, 4.69132813e+002, 1.94541565e+002,
       4.61283844e+002, 2.15327713e+002, 4.53749786e+002,
       2.35879791e+002, 4.46137878e+002, 2.56663452e+002,
       4.38667297e+002, 2.77401154e+002, 4.31259735e+002,
       2.98278687e+002, 4.23502655e+002, 3.18906128e+002,
       4.64406891e+002, 1.45342560e+002, 4.56578552e+002,
       1.65802841e+002, 4.48803528e+002, 1.86654724e+002,
       4.41051178e+002, 2.07429855e+002, 4.33391205e+002,
       2.28190582e+002, 4.25708191e+002, 2.48894394e+002,
       4.18205475e+002, 2.69847015e+002, 4.10509949e+002,
       2.90572906e+002, 4.02923065e+002, 3.11455994e+002,
       4.44023315e+002, 1.37200226e+002, 4.36214996e+002,
       1.58107269e+002, 4.28345886e+002, 1.78701263e+002,
       4.20490692e+002, 1.99734161e+002, 4.12724182e+002,
       2.20379303e+002, 4.05062958e+002, 2.41389099e+002,
       3.97317596e+002, 2.62255035e+002, 3.89683167e+002,
       2.82974091e+002, 3.82102417e+002, 3.03678925e+002,
       4.23022156e+002, 1.30354797e+002, 4.15294830e+002,
       1.50419220e+002, 4.07593384e+002, 1.71202057e+002,
       3.99702209e+002, 1.91829056e+002, 3.91960449e+002,
       2.12857758e+002, 3.84180695e+002, 2.33577805e+002,
       3.76503113e+002, 2.54502197e+002, 3.68751678e+002,
       2.75232452e+002, 3.61501251e+002, 2.95927094e+002,
       3.72711334e+002, 3.22763580e+002, 3.55284668e+002,
       3.23836273e+002, 3.37863342e+002, 3.24704742e+002,
       3.20052582e+002, 3.25700378e+002, 3.02277649e+002,
       3.26457336e+002, 2.84373993e+002, 3.27510803e+002,
       2.66628662e+002, 3.28509460e+002, 2.48575470e+002,
       3.29338074e+002, 2.31176102e+002, 3.30263031e+002,
       3.71755798e+002, 3.05297546e+002, 3.54552856e+002,
       3.06293976e+002, 3.36797668e+002, 3.07142670e+002,
       3.19273590e+002, 3.08088776e+002, 3.01549591e+002,
       3.08963379e+002, 2.83957275e+002, 3.09746521e+002,
       2.66070953e+002, 3.10645508e+002, 2.48386505e+002,
       3.11561310e+002, 2.30142654e+002, 3.12541779e+002,
       3.70857727e+002, 2.87759125e+002, 3.53325470e+002,
       2.88624878e+002, 3.36193115e+002, 2.89488464e+002,
       3.18481049e+002, 2.90184814e+002, 3.00998291e+002,
       2.91438293e+002, 2.83154846e+002, 2.92033081e+002,
       2.65321686e+002, 2.92991699e+002, 2.47406708e+002,
       2.93654572e+002, 2.29658020e+002, 2.94695557e+002,
       3.69761993e+002, 2.70363312e+002, 3.52758606e+002,
       2.70922180e+002, 3.35162445e+002, 2.71928253e+002,
       3.17687439e+002, 2.72475433e+002, 3.00155151e+002,
       2.73434448e+002, 2.82687988e+002, 2.74457825e+002,
       2.64690338e+002, 2.75186707e+002, 2.47060959e+002,
       2.76285095e+002, 2.28931488e+002, 2.76904358e+002,
       3.69330688e+002, 2.52657394e+002, 3.51736389e+002,
       2.53636124e+002, 3.34598022e+002, 2.54205521e+002,
       3.16844269e+002, 2.55377747e+002, 2.99493134e+002,
       2.56074615e+002, 2.81675018e+002, 2.56970459e+002,
       2.64128845e+002, 2.57671204e+002, 2.46321869e+002,
       2.58706909e+002, 2.28723450e+002, 2.59704102e+002,
       3.67971069e+002, 2.35620651e+002, 3.51075562e+002,
       2.36221680e+002, 3.33464935e+002, 2.37299408e+002,
       3.16179932e+002, 2.37917114e+002, 2.98578796e+002,
       2.38654984e+002, 2.81175354e+002, 2.39600677e+002,
       2.63121429e+002, 2.40523102e+002, 2.45794739e+002,
       2.41296280e+002, 2.27614029e+002, 2.42271576e+002,
       2.35249496e+002, 2.51350113e+002, 2.20948441e+002,
       2.34816925e+002, 2.06427704e+002, 2.18415268e+002,
       1.92106064e+002, 2.01845917e+002, 1.77330658e+002,
       1.85261673e+002, 1.62880066e+002, 1.68778458e+002,
       1.48372314e+002, 1.52279694e+002, 1.34117493e+002,
       1.36020233e+002, 1.20179207e+002, 1.20223671e+002,
       2.52115387e+002, 2.37323441e+002, 2.37852188e+002,
       2.21082474e+002, 2.23613724e+002, 2.04633453e+002,
       2.09030502e+002, 1.88210800e+002, 1.94656067e+002,
       1.71637360e+002, 1.80156113e+002, 1.55253983e+002,
       1.65631119e+002, 1.38778015e+002, 1.51389099e+002,
       1.22690254e+002, 1.37364731e+002, 1.06818954e+002,
       2.68853912e+002, 2.23397995e+002, 2.54737442e+002,
       2.07009323e+002, 2.40355011e+002, 1.90798401e+002,
       2.25999619e+002, 1.74395447e+002, 2.11567719e+002,
       1.58123627e+002, 1.97186279e+002, 1.41642548e+002,
       1.82740891e+002, 1.25463058e+002, 1.68490982e+002,
